2 2 3
14 24 
39 38 45 
0 18 54 43 34 44 33 50 42 
18 0 46 33 22 59 15 37 29 
54 46 0 76 65 97 50 75 69 
43 33 76 0 11 67 26 10 8 
34 22 65 11 0 64 15 16 8 
44 59 97 67 64 0 72 77 71 
33 15 50 26 15 72 0 26 19 
50 37 75 10 16 77 26 0 8 
42 29 69 8 8 71 19 8 0 
