8 7 4
21 9 12 19 12 23 21 
33 38 39 40 
0 33 50 40 33 34 45 54 3 37 36 9 39 43 50 48 31 33 28 41 54 62 31 61 60 32 42 42 13 37 37 
33 0 73 71 49 64 35 36 32 63 46 40 64 74 83 41 61 15 42 12 82 90 61 53 84 29 72 25 40 7 70 
50 73 0 25 78 22 56 68 48 72 31 41 11 21 50 53 23 63 32 73 14 19 60 58 92 48 18 63 37 79 54 
40 71 25 0 60 7 66 78 39 50 42 31 17 5 25 66 10 65 39 75 19 25 38 74 68 55 6 70 31 76 30 
33 49 78 60 0 58 75 82 36 18 69 39 67 65 55 79 56 58 62 62 79 86 26 92 35 63 65 70 45 48 38 
34 64 22 7 58 0 59 71 34 50 35 25 13 9 30 59 3 58 32 68 21 28 38 67 70 48 7 63 24 69 32 
45 35 56 66 75 59 0 12 41 82 25 46 52 67 87 6 56 20 27 25 69 75 76 18 106 13 64 10 40 42 79 
54 36 68 78 82 71 12 0 51 91 37 56 64 79 98 14 68 23 39 24 81 87 85 20 114 23 76 12 51 42 90 
3 32 48 39 36 34 41 51 0 41 32 8 37 43 52 45 31 30 25 39 53 61 34 57 64 29 41 39 11 36 40 
37 63 72 50 18 50 82 91 41 0 70 39 61 55 39 86 49 69 63 74 69 75 12 98 23 70 56 79 45 63 22 
36 46 31 42 69 35 25 37 32 70 0 31 27 42 65 24 33 33 7 43 43 50 61 31 94 18 39 32 25 53 61 
9 40 41 31 39 25 46 56 8 39 31 0 30 34 44 48 22 38 24 47 45 53 30 60 62 33 33 45 6 45 33 
39 64 11 17 67 13 52 64 37 61 27 30 0 16 43 51 12 55 25 66 17 25 50 57 82 42 13 57 26 70 45 
43 74 21 5 65 9 67 79 43 55 42 34 16 0 28 66 12 67 40 77 14 20 43 73 73 56 3 71 34 79 35 
50 83 50 25 55 30 87 98 52 39 65 44 43 28 0 88 32 82 61 91 40 44 29 97 50 74 31 89 47 86 17 
48 41 53 66 79 59 6 14 45 86 24 48 51 66 88 0 56 26 27 32 67 73 78 13 109 16 63 16 42 48 81 
31 61 23 10 56 3 56 68 31 49 33 22 12 12 32 56 0 55 29 65 23 31 37 65 69 45 10 60 21 66 32 
33 15 63 65 58 58 20 23 30 69 33 38 55 67 82 26 55 0 30 10 73 81 64 38 91 15 65 11 35 22 70 
28 42 32 39 62 32 27 39 25 63 7 24 25 40 61 27 29 30 0 41 43 50 54 36 87 16 37 32 18 48 55 
41 12 73 75 62 68 25 24 39 74 43 47 66 77 91 32 65 10 41 0 84 91 71 43 96 25 75 15 44 18 78 
54 82 14 19 79 21 69 81 53 69 43 45 17 14 40 67 23 73 43 84 0 7 57 72 87 60 13 75 43 88 49 
62 90 19 25 86 28 75 87 61 75 50 53 25 20 44 73 31 81 50 91 7 0 63 77 93 67 21 82 50 95 55 
31 61 60 38 26 38 76 85 34 12 61 30 50 43 29 78 37 64 54 71 57 63 0 90 33 63 44 74 36 63 12 
61 53 58 74 92 67 18 20 57 98 31 60 57 73 97 13 65 38 36 43 72 77 90 0 121 29 70 28 53 60 92 
60 84 92 68 35 70 106 114 64 23 94 62 82 73 50 109 69 91 87 96 87 93 33 121 0 93 74 102 69 83 38 
32 29 48 55 63 48 13 23 29 70 18 33 42 56 74 16 45 15 16 25 60 67 63 29 93 0 53 15 27 37 66 
42 72 18 6 65 7 64 76 41 56 39 33 13 3 31 63 10 65 37 75 13 21 44 70 74 53 0 68 31 77 36 
42 25 63 70 70 63 10 12 39 79 32 45 57 71 89 16 60 11 32 15 75 82 74 28 102 15 68 0 41 32 79 
13 40 37 31 45 24 40 51 11 45 25 6 26 34 47 42 21 35 18 44 43 50 36 53 69 27 31 41 0 45 38 
37 7 79 76 48 69 42 42 36 63 53 45 70 79 86 48 66 22 48 18 88 95 63 60 83 37 77 32 45 0 72 
37 70 54 30 38 32 79 90 40 22 61 33 45 35 17 81 32 70 55 78 49 55 12 92 38 66 36 79 38 72 0 
