2 5 3
10 13 19 24 17 
38 39 34 
0 20 16 30 25 15 31 49 14 42 49 37 44 35 45 
20 0 33 51 45 33 43 51 20 42 62 45 62 32 61 
16 33 0 21 12 1 17 62 29 57 55 27 29 50 29 
30 51 21 0 9 22 31 62 38 60 44 43 20 55 32 
25 45 12 9 0 13 22 65 35 60 51 34 19 55 26 
15 33 1 22 13 0 16 63 29 57 55 26 29 50 30 
31 43 17 31 22 16 0 79 45 73 71 12 27 66 18 
49 51 62 62 65 63 79 0 36 10 32 87 82 19 91 
14 20 29 38 35 29 45 36 0 28 42 51 55 21 59 
42 42 57 60 60 57 73 10 28 0 37 80 79 9 86 
49 62 55 44 51 55 71 32 42 37 0 82 63 40 76 
37 45 27 43 34 26 12 87 51 80 82 0 38 72 25 
44 62 29 20 19 29 27 82 55 79 63 38 0 74 16 
35 32 50 55 55 50 66 19 21 9 40 72 74 0 79 
45 61 29 32 26 30 18 91 59 86 76 25 16 79 0 
