6 6 3
17 10 20 20 9 19 
35 33 33 
0 64 37 35 56 35 46 62 58 36 29 29 1 14 40 14 40 29 38 28 25 42 34 58 44 
64 0 37 43 121 32 41 89 6 100 49 90 65 62 93 53 104 92 62 58 76 54 90 84 49 
37 37 0 5 89 8 49 53 31 73 12 56 38 43 56 23 77 66 58 21 59 55 71 82 14 
35 43 5 0 85 13 52 48 36 70 7 51 36 42 51 21 74 63 59 15 58 57 69 83 12 
56 121 89 85 0 90 98 81 114 26 78 34 55 62 44 68 25 33 80 71 55 89 45 87 90 
35 32 8 13 90 0 40 61 25 72 17 58 36 39 61 22 76 65 50 26 55 47 67 75 23 
46 41 49 52 98 40 0 98 39 73 53 75 46 35 86 44 76 65 23 60 44 13 58 43 64 
62 89 53 48 81 61 98 0 83 81 45 52 63 76 37 55 85 78 99 38 87 100 91 120 40 
58 6 31 36 114 25 39 83 0 94 42 83 59 56 86 46 98 86 59 52 71 51 85 81 43 
36 100 73 70 26 72 73 81 94 0 63 29 35 38 46 50 4 7 54 60 29 63 19 61 78 
29 49 12 7 78 17 53 45 42 63 0 44 30 38 44 15 68 57 57 9 53 56 63 81 15 
29 90 56 51 34 58 75 52 83 29 44 0 28 41 16 37 32 27 64 37 43 70 42 79 56 
1 65 38 36 55 36 46 63 59 35 30 28 0 13 40 15 39 28 37 29 24 42 33 58 45 
14 62 43 42 62 39 35 76 56 38 38 41 13 0 53 22 42 31 24 40 16 29 29 44 53 
40 93 56 51 44 61 86 37 86 46 44 16 40 53 0 43 48 44 77 35 59 82 58 95 51 
14 53 23 21 68 22 44 55 46 50 15 37 15 22 43 0 54 43 43 18 37 44 48 66 31 
40 104 77 74 25 76 76 85 98 4 68 32 39 42 48 54 0 11 56 64 32 65 20 62 82 
29 92 66 63 33 65 65 78 86 7 57 27 28 31 44 43 11 0 47 54 22 55 15 56 72 
38 62 58 59 80 50 23 99 59 54 57 64 37 24 77 43 56 47 0 61 24 10 37 24 71 
28 58 21 15 71 26 60 38 52 60 9 37 29 40 35 18 64 54 61 0 54 62 62 84 18 
25 76 59 58 55 55 44 87 71 29 53 43 24 16 59 37 32 22 24 54 0 33 14 36 68 
42 54 55 57 89 47 13 100 51 63 56 70 42 29 82 44 65 55 10 62 33 0 47 30 69 
34 90 71 69 45 67 58 91 85 19 63 42 33 29 58 48 20 15 37 62 14 47 0 42 78 
58 84 82 83 87 75 43 120 81 61 81 79 58 44 95 66 62 56 24 84 36 30 42 0 95 
44 49 14 12 90 23 64 40 43 78 15 56 45 53 51 31 82 72 71 18 68 69 78 95 0 
