4 5 4
15 13 6 23 19 
33 32 34 35 
0 23 54 23 7 59 31 61 27 53 63 57 9 55 8 48 56 52 55 
23 0 69 46 25 77 46 80 38 71 83 38 32 75 31 65 74 75 40 
54 69 0 43 59 13 74 17 75 82 84 83 46 18 47 84 10 60 108 
23 46 43 0 23 43 31 45 33 41 48 78 14 37 15 42 42 31 74 
7 25 59 23 0 62 24 65 20 47 58 62 12 58 11 42 60 49 51 
59 77 13 43 62 0 74 4 77 77 78 95 50 8 51 81 3 53 114 
31 46 74 31 24 74 0 75 8 26 39 84 32 68 31 19 73 41 55 
61 80 17 45 65 4 75 0 78 77 77 99 52 7 54 81 7 52 116 
27 38 75 33 20 77 8 78 0 34 48 77 30 71 29 26 75 48 47 
53 71 82 41 47 77 26 77 34 0 14 109 50 70 49 10 77 28 79 
63 83 84 48 58 78 39 77 48 14 0 121 59 70 59 24 78 25 93 
57 38 83 78 62 95 84 99 77 109 121 0 63 96 63 103 92 109 63 
9 32 46 14 12 50 32 52 30 50 59 63 0 46 1 47 48 45 64 
55 75 18 37 58 8 68 7 71 70 70 96 46 0 47 74 8 45 110 
8 31 47 15 11 51 31 54 29 49 59 63 1 47 0 47 49 45 62 
48 65 84 42 42 81 19 81 26 10 24 103 47 74 47 0 81 36 69 
56 74 10 42 60 3 73 7 75 77 78 92 48 8 49 81 0 53 111 
52 75 60 31 49 53 41 52 48 28 25 109 45 45 45 36 53 0 95 
55 40 108 74 51 114 55 116 47 79 93 63 64 110 62 69 111 95 0 
