4 1 2
9 
18 18 
0 24 58 36 47 17 48 46 29 17 52 
24 0 71 18 44 28 52 22 54 27 71 
58 71 0 66 38 44 25 89 61 45 25 
36 18 66 0 32 30 43 24 65 29 73 
47 44 38 32 0 30 13 57 67 30 54 
17 28 44 30 30 0 30 49 39 1 44 
48 52 25 43 13 30 0 67 62 31 42 
46 22 89 24 57 49 67 0 75 48 93 
29 54 61 65 67 39 62 75 0 39 42 
17 27 45 29 30 1 31 48 39 0 45 
52 71 25 73 54 44 42 93 42 45 0 
